385.9322814941406 169.45489501953125 389.55694580078125 163.7705535888672 389.44354248046875 164.6851348876953 402.6960754394531 170.349365234375 377.9442138671875 169.6011199951172 -1 -1 -1 -1 -1 -1 376.6646728515625 257.3985900878906 386.0509338378906 202.09762573242188 388.97344970703125 211.93954467773438 -1 -1 -1 -1 -1 -1 -1 -1 320.09210205078125 507.84698486328125 -1 -1
365.595458984375 156.9523468017578 367.3408203125 153.78555297851562 364.14239501953125 152.46131896972656 384.81890869140625 154.02767944335938 368.19091796875 165.8948974609375 385.5767517089844 211.85968017578125 -1 -1 375.7853698730469 246.6422119140625 -1 -1 383.1300048828125 198.42913818359375 377.365478515625 198.95603942871094 318.0919494628906 362.69805908203125 -1 -1 315.18731689453125 471.5556945800781 269.0727233886719 456.9051208496094 320.056640625 505.9911804199219 271.8992614746094 514.3328247070312
408.224853515625 161.63204956054688 411.8758544921875 161.1823272705078 404.2513122558594 160.36029052734375 411.704833984375 155.34091186523438 389.9416198730469 159.6092987060547 -1 -1 -1 -1 384.3675537109375 243.6140899658203 -1 -1 394.7332458496094 194.48606872558594 392.90966796875 196.9530487060547 -1 -1 -1 -1 -1 -1 -1 -1 320.5060119628906 508.9210205078125 273.2449645996094 514.508544921875
388.9515075683594 183.50738525390625 396.5364990234375 175.76290893554688 387.32183837890625 175.13612365722656 406.9160461425781 181.4327850341797 -1 -1 -1 -1 365.806884765625 230.1270294189453 397.1215515136719 262.3944091796875 -1 -1 389.0217590332031 214.8144073486328 381.97723388671875 213.57070922851562 -1 -1 -1 -1 319.8444519042969 469.2894287109375 -1 -1 321.4270324707031 508.5111999511719 281.54345703125 503.8345031738281
373.9858093261719 195.79119873046875 381.26007080078125 192.8740234375 376.0365905761719 188.90850830078125 391.1866149902344 190.97633361816406 -1 -1 -1 -1 349.3349914550781 233.00390625 368.480224609375 278.816162109375 -1 -1 388.5309143066406 224.17303466796875 369.7196044921875 230.83676147460938 326.2113037109375 360.40362548828125 -1 -1 316.9829406738281 468.23663330078125 284.63421630859375 471.47265625 320.28253173828125 508.9833679199219 271.03472900390625 510.9994201660156
378.8586730957031 193.7838592529297 392.6736755371094 192.1279754638672 381.20025634765625 193.72216796875 405.2381896972656 195.93911743164062 375.0185241699219 198.24769592285156 421.9501647949219 243.6973114013672 377.5566101074219 236.09341430664062 -1 -1 385.76385498046875 275.9435119628906 378.13507080078125 241.1395721435547 377.97125244140625 241.5025634765625 -1 -1 -1 -1 -1 -1 -1 -1 319.6377868652344 508.1622314453125 -1 -1
387.8829650878906 194.5884552001953 400.0224609375 190.693115234375 396.62371826171875 189.20095825195312 407.5650329589844 188.43115234375 -1 -1 399.4657287597656 236.89312744140625 -1 -1 383.5970458984375 281.5208435058594 -1 -1 387.9038391113281 241.18421936035156 383.2344665527344 241.81692504882812 -1 -1 -1 -1 313.6451416015625 471.88165283203125 -1 -1 319.1400146484375 508.1862487792969 -1 -1
418.9088134765625 195.3166046142578 423.98504638671875 190.65606689453125 419.55712890625 193.9329071044922 427.9732971191406 190.35958862304688 396.9975891113281 194.1555938720703 -1 -1 -1 -1 370.756103515625 259.7162170410156 -1 -1 398.44390869140625 225.9688262939453 397.0423583984375 242.18740844726562 -1 -1 -1 -1 315.1770324707031 471.5503845214844 -1 -1 319.84210205078125 507.0152282714844 -1 -1
401.7823181152344 177.84994506835938 410.3971252441406 181.26942443847656 397.71160888671875 180.5557403564453 -1 -1 384.7232971191406 182.1467742919922 -1 -1 -1 -1 382.015869140625 254.26014709472656 -1 -1 396.7536315917969 206.39047241210938 394.548828125 209.18212890625 315.29302978515625 363.3260498046875 -1 -1 314.27362060546875 468.84161376953125 285.3059997558594 469.44696044921875 320.0302429199219 509.28411865234375 267.7757873535156 510.85809326171875
204.0758819580078 164.68630981445312 211.92051696777344 167.28536987304688 207.2725372314453 166.9822235107422 231.1776580810547 163.54859924316406 201.63357543945312 171.2149658203125 242.80543518066406 215.2301788330078 224.4344482421875 211.29747009277344 -1 -1 240.4783172607422 233.78839111328125 216.0091552734375 196.93287658691406 213.9675750732422 187.4598846435547 -1 -1 273.8779602050781 369.4297790527344 -1 -1 280.16650390625 479.6343078613281 -1 -1 271.6150207519531 507.9039306640625
205.6157989501953 191.2634735107422 210.25857543945312 187.86209106445312 202.192626953125 189.199951171875 231.90208435058594 185.46327209472656 -1 -1 -1 -1 -1 -1 230.23548889160156 230.70285034179688 230.61228942871094 233.8000030517578 214.1165008544922 206.9658203125 217.0518798828125 207.93844604492188 281.96392822265625 365.3785400390625 279.39129638671875 371.6416015625 324.6780090332031 476.9471435546875 279.2505798339844 470.1253967285156 327.6543884277344 507.8135681152344 272.0455627441406 508.6860656738281
248.2521209716797 187.82070922851562 254.11190795898438 181.0733184814453 250.48104858398438 178.75607299804688 260.17529296875 182.93927001953125 259.5645751953125 182.2428436279297 271.8033447265625 226.48379516601562 257.97998046875 224.05462646484375 -1 -1 247.68092346191406 259.7545166015625 -1 -1 244.08460998535156 211.7988739013672 278.7420959472656 357.37249755859375 271.2562561035156 364.32470703125 322.3001708984375 469.59124755859375 271.888427734375 470.953369140625 326.37432861328125 506.8200378417969 271.9285583496094 507.96453857421875
242.81288146972656 246.4467315673828 252.68006896972656 237.99171447753906 238.4617919921875 236.09768676757812 263.6656188964844 237.13490295410156 -1 -1 -1 -1 235.817626953125 276.5589904785156 -1 -1 223.02297973632812 307.6660461425781 -1 -1 241.2967987060547 292.0559387207031 -1 -1 276.4576110839844 378.71380615234375 -1 -1 274.9216003417969 485.8276062011719 -1 -1 284.81256103515625 514.87109375
249.67526245117188 240.62196350097656 255.7589874267578 239.2886199951172 242.0298614501953 239.63681030273438 -1 -1 254.9507598876953 240.69859313964844 -1 -1 238.14820861816406 271.0906982421875 -1 -1 227.94717407226562 314.91845703125 -1 -1 224.636962890625 348.9988708496094 -1 -1 274.47637939453125 379.6485290527344 -1 -1 276.8890686035156 479.5817565917969 326.051025390625 507.3578796386719 282.2222595214844 514.9027709960938
260.846435546875 251.9055938720703 268.3569030761719 239.75338745117188 254.17605590820312 238.32272338867188 278.59075927734375 241.90318298339844 244.1636962890625 242.11581420898438 -1 -1 240.86416625976562 275.2229309082031 346.5234375 297.4366149902344 231.78976440429688 323.1640319824219 369.2159118652344 267.62945556640625 227.39773559570312 366.3621520996094 -1 -1 277.70343017578125 380.23785400390625 336.3443908691406 472.58209228515625 278.830322265625 474.86944580078125 332.76434326171875 506.2154846191406 275.9841613769531 513.3344116210938
265.4326171875 253.42616271972656 274.67547607421875 235.976806640625 260.5072021484375 240.12020874023438 289.69793701171875 244.05795288085938 252.50669860839844 238.57772827148438 -1 -1 239.46592712402344 276.1463928222656 -1 -1 234.09329223632812 315.2752990722656 363.3320007324219 267.9099426269531 246.74075317382812 345.5028991699219 -1 -1 279.24884033203125 381.895263671875 329.9331970214844 470.0605163574219 283.86798095703125 475.32232666015625 334.4474792480469 505.6331481933594 285.08819580078125 516.2056884765625
250.07614135742188 239.1352996826172 257.2607727050781 234.82308959960938 240.91778564453125 230.99795532226562 267.12158203125 241.46217346191406 -1 -1 -1 -1 236.5811309814453 270.8364562988281 -1 -1 223.5239715576172 306.2197265625 -1 -1 230.69879150390625 285.87115478515625 -1 -1 271.9044494628906 373.8794250488281 285.8228454589844 469.5652160644531 279.33404541015625 477.89801025390625 328.9169921875 502.945556640625 280.91937255859375 513.9954833984375
253.12161254882812 243.12379455566406 261.5415344238281 236.90853881835938 244.39137268066406 237.05133056640625 278.92303466796875 237.97801208496094 237.47528076171875 236.57272338867188 -1 -1 230.5937042236328 270.44866943359375 348.380615234375 289.52984619140625 230.6355743408203 295.888671875 340.7707824707031 254.2215576171875 247.130859375 262.6839294433594 -1 -1 266.62030029296875 369.6569519042969 321.1627502441406 465.36175537109375 271.77349853515625 464.0268249511719 324.9584655761719 502.7315673828125 272.1032409667969 508.35369873046875
238.5921173095703 243.22640991210938 243.96066284179688 238.1881103515625 226.96099853515625 236.03515625 -1 -1 234.83453369140625 236.88352966308594 -1 -1 218.49002075195312 264.7138366699219 -1 -1 217.64224243164062 293.0013427734375 230.5543670654297 270.9053649902344 231.63580322265625 271.9783630371094 -1 -1 263.224853515625 369.79345703125 257.9320068359375 457.8571472167969 265.60968017578125 481.0575256347656 274.1725158691406 507.70758056640625 272.02825927734375 511.4456787109375
